Curvilinear Box Method
Year,Month,Day,Serial Date,Terminus Position on flowline,Terminus position relative to most recent observation (m),Terminus change (m),Rate of Terminus Change (m/yr),Terminus Width (m),Terminus path length (m),Mean distance between nodes (m),Box Width (m),Box Area (m^2)
2015,1,17,7.3598e+05,15607,-739.91,NaN,NaN,3217.5,4066.2,271.08,1500,2.341e+07
2015,1,29,7.3599e+05,15567,-779.24,-39.331,-1196.3,3111.4,3669.4,193.13,1500,2.3351e+07
2015,2,10,7.3601e+05,15431,-915.69,-136.46,-4150.5,3014.2,4114.4,257.15,1500,2.3147e+07
2015,5,29,7.3611e+05,15727,-620.07,295.62,999.1,3076.4,3578.6,198.81,1500,2.359e+07
2015,6,10,7.3613e+05,15793,-553.87,66.196,2013.5,3065.1,4311,253.59,1500,2.3689e+07
2015,7,16,7.3616e+05,15878,-469.12,84.759,859.37,2970.4,3601.2,156.57,1500,2.3816e+07
2015,8,9,7.3619e+05,16341,-5.4676,463.65,7051.3,2724.7,4501.3,300.09,1500,2.4512e+07
2015,9,14,7.3622e+05,16759,412.44,417.91,4237.1,2858.9,3972.1,220.67,1500,2.5139e+07
2015,10,8,7.3625e+05,16315,-31.681,-444.12,-6754.4,2936.5,4566.9,304.46,1500,2.4473e+07
2015,11,13,7.3628e+05,17124,777.21,808.89,8201.2,2676.2,4284.9,285.66,1500,2.5686e+07
2015,12,7,7.3631e+05,17244,896.92,119.72,1820.7,2813.4,3191.5,151.98,1500,2.5865e+07
2016,1,12,7.3634e+05,16724,376.97,-519.95,-5271.7,3065.6,4115,205.75,1500,2.5086e+07
2016,2,5,7.3637e+05,17239,892.21,515.23,7835.8,2680.9,4303.2,286.88,1500,2.5858e+07
2016,3,12,7.364e+05,17382,1035.6,143.39,1453.8,2803.9,3615.3,180.77,1500,2.6073e+07
2016,4,5,7.3643e+05,17739,1392.5,356.86,5427.3,2610.7,4597.8,383.15,1500,2.6609e+07
2016,5,11,7.3646e+05,17588,1241,-151.49,-1535.9,2842.1,4180.9,278.73,1500,2.6382e+07
2016,8,15,7.3656e+05,17842,1495.3,254.32,966.95,2726.9,4471.8,343.98,1500,2.6763e+07
2016,9,8,7.3658e+05,17351,1004.1,-491.22,-7470.6,2747,4324.3,288.29,1500,2.6026e+07
2016,10,8,7.3661e+05,17821,1474.2,470.11,5719.6,2642.7,4495.7,345.83,1500,2.6731e+07
2016,11,7,7.3664e+05,17413,1066.6,-407.56,-4958.7,2929.7,3597.8,179.89,1500,2.612e+07
2016,11,13,7.3665e+05,17408,1060.9,-5.6829,-345.71,2902.2,4545.1,349.62,1500,2.6112e+07
2016,12,7,7.3667e+05,16751,404.22,-656.71,-9987.5,2980,3985.8,199.29,1500,2.5126e+07
2017,1,6,7.367e+05,16842,495.28,91.054,1107.8,3100,3441.3,137.65,1500,2.5263e+07
2017,2,5,7.3673e+05,16572,225.17,-270.11,-3286.3,2942.2,4568,268.71,1500,2.4858e+07
2017,3,7,7.3676e+05,16304,-42.615,-267.78,-3258,2967.3,4141.1,207.06,1500,2.4456e+07
2017,4,6,7.3679e+05,16302,-45.018,-2.4033,-29.241,2948.7,4006,200.3,1500,2.4453e+07
2017,5,6,7.3682e+05,16268,-78.795,-33.777,-410.95,2785.9,4976.7,382.83,1500,2.4402e+07
2017,6,5,7.3685e+05,16264,-82.688,-3.8926,-47.359,2871.4,3886.2,194.31,1500,2.4396e+07
2017,7,5,7.3688e+05,16580,233.45,316.14,3846.4,2729.9,4245.4,265.33,1500,2.487e+07
2017,8,10,7.3692e+05,16588,241.1,7.6474,77.536,2914.7,4481,280.06,1500,2.4882e+07
2017,9,9,7.3695e+05,16329,-18.113,-259.21,-3153.7,2965.3,3917.7,186.56,1500,2.4493e+07
2017,10,9,7.3698e+05,16276,-70.923,-52.811,-642.53,2926.1,4328,240.44,1500,2.4414e+07
2017,11,8,7.3701e+05,16064,-282.53,-211.6,-2574.5,2978.9,4488.3,280.52,1500,2.4096e+07
2017,11,14,7.3701e+05,15903,-443.38,-160.86,-9785.5,3028.6,4842,322.8,1500,2.3855e+07
2017,12,8,7.3704e+05,16055,-292.12,151.27,2300.5,3003,3364.7,134.59,1500,2.4082e+07
2018,1,7,7.3707e+05,15889,-457.4,-165.28,-2010.9,2984.8,3337,123.59,1500,2.3834e+07
2018,2,6,7.371e+05,15844,-502.55,-45.158,-549.42,3028.6,5133.4,366.67,1500,2.3766e+07
2018,3,8,7.3713e+05,15968,-378.63,123.93,1507.8,2995,3793.7,164.94,1500,2.3952e+07
2018,4,7,7.3716e+05,15827,-520.24,-141.61,-1722.9,3160.3,4072.4,177.06,1500,2.374e+07
2018,5,7,7.3719e+05,15725,-622.16,-101.92,-1240.1,2996.5,5360.2,357.35,1500,2.3587e+07
2018,6,6,7.3722e+05,15921,-425.49,196.67,2392.8,3013,4032.8,183.31,1500,2.3882e+07
2018,7,6,7.3725e+05,15955,-392.05,33.441,406.86,3011.6,4086.6,194.6,1500,2.3932e+07
2018,8,5,7.3728e+05,15880,-466.38,-74.33,-904.35,3009.9,4229.9,176.24,1500,2.3821e+07
2018,8,11,7.3728e+05,15833,-514.1,-47.721,-2903,2885.6,3954.9,164.79,1500,2.3749e+07
2018,9,10,7.3731e+05,16151,-195.55,318.55,3875.7,2987,4206.6,200.31,1500,2.4227e+07
2018,10,10,7.3734e+05,16067,-279.24,-83.691,-1018.2,2858.8,4578.8,240.99,1500,2.4101e+07
2018,11,9,7.3737e+05,15792,-554.68,-275.44,-3351.2,3058.4,4524.2,238.12,1500,2.3688e+07
2018,11,15,7.3738e+05,15727,-619.63,-64.948,-3951,3056.1,4142.8,172.62,1500,2.3591e+07
2018,12,9,7.374e+05,16029,-317.63,301.99,4592.8,3082.7,3633.9,139.77,1500,2.4044e+07
2019,1,8,7.3743e+05,15925,-421.51,-103.87,-1263.8,2824.9,4740.2,263.34,1500,2.3888e+07
2019,2,7,7.3746e+05,16070,-276.48,145.03,1764.5,2982.5,3527.2,130.64,1500,2.4105e+07
2019,2,19,7.3748e+05,16435,87.871,364.35,11082,2764.4,5197.6,399.81,1500,2.4652e+07
2019,3,9,7.3749e+05,17069,722.49,634.62,12869,2908.6,3989.8,181.36,1500,2.5604e+07
2019,4,8,7.3752e+05,16067,-279.84,-1002.3,-12195,2883.4,3991,173.52,1500,2.41e+07
2019,5,8,7.3755e+05,16448,101.51,381.35,4639.8,2727.3,4414.2,245.23,1500,2.4672e+07
2019,6,7,7.3758e+05,16855,508.11,406.6,4947,2780,4484.1,263.77,1500,2.5282e+07
2019,7,7,7.3761e+05,17104,757.6,249.49,3035.5,2781.9,4568.4,285.53,1500,2.5657e+07
2019,8,6,7.3764e+05,17307,960.47,202.87,2468.3,2584.9,4143.1,230.17,1500,2.5961e+07
2019,8,12,7.3765e+05,17084,736.84,-223.64,-13604,2663.5,3968.5,198.43,1500,2.5625e+07
2019,9,5,7.3767e+05,17321,974.21,237.37,3610.1,2648,4078.5,226.59,1500,2.5981e+07
2019,10,5,7.377e+05,16656,308.86,-665.35,-8095.1,2915.7,4628.3,257.13,1500,2.4983e+07
2019,11,10,7.3774e+05,16275,-71.987,-380.84,-3861.3,2925.7,4082.1,194.39,1500,2.4412e+07
2019,12,10,7.3777e+05,15881,-466,-394.02,-4793.9,2980.1,4259.7,202.84,1500,2.3821e+07
2020,1,9,7.378e+05,15778,-568.68,-102.68,-1249.2,2869.3,3902.7,177.4,1500,2.3667e+07
2020,2,8,7.3783e+05,15770,-577.22,-8.5355,-103.85,3055.8,4372.1,218.61,1500,2.3654e+07
2020,3,9,7.3786e+05,15880,-466.37,110.84,1348.6,3044,4317.7,215.88,1500,2.3821e+07
2020,4,8,7.3789e+05,15971,-375.43,90.946,1106.5,3026.3,3568.1,142.72,1500,2.3957e+07
2020,5,8,7.3792e+05,15892,-454.64,-79.211,-963.73,3031.1,4130.7,206.54,1500,2.3838e+07
2020,6,7,7.3795e+05,15698,-648.96,-194.32,-2364.3,3014.8,4328.2,206.11,1500,2.3547e+07
2020,7,7,7.3798e+05,16014,-333.12,315.85,3842.8,2863.2,4928.2,308.01,1500,2.402e+07
2020,8,6,7.3801e+05,15652,-694.47,-361.35,-4396.4,3042.9,4879.4,256.81,1500,2.3478e+07
2020,9,5,7.3804e+05,15496,-850.45,-155.99,-1897.8,3001.7,5063.4,253.17,1500,2.3244e+07
2020,10,5,7.3807e+05,15747,-599.81,250.64,3049.4,2766.8,5376.1,358.41,1500,2.362e+07
2020,11,10,7.3811e+05,16346,-0.53564,599.28,6076,2787.9,4202.2,210.11,1500,2.4519e+07
2020,12,10,7.3814e+05,16575,228.31,228.85,2784.3,2742.1,4613.6,271.39,1500,2.4863e+07
2021,1,9,7.3817e+05,16500,153.65,-74.66,-908.36,2942.1,4190,209.5,1500,2.4751e+07
2021,2,8,7.382e+05,16600,252.86,99.204,1207,2856.5,3293.8,102.93,1500,2.4899e+07
2021,3,10,7.3823e+05,16208,-138.78,-391.64,-4764.9,2896.2,5061.8,297.76,1500,2.4312e+07
2021,4,9,7.3826e+05,15947,-399.53,-260.75,-3172.4,3031.6,4287.1,171.48,1500,2.3921e+07
2021,5,9,7.3829e+05,15738,-608.31,-208.78,-2540.2,2929.6,4788.9,239.45,1500,2.3608e+07
2021,6,8,7.3832e+05,16244,-102.8,505.51,6150.3,2940,4999.8,294.11,1500,2.4366e+07
2021,7,8,7.3835e+05,15973,-373.66,-270.85,-3295.4,2875.6,5132.3,301.9,1500,2.396e+07
2021,8,7,7.3838e+05,16147,-200.11,173.55,2111.5,2847.7,4845.4,269.19,1500,2.422e+07
2021,9,6,7.3841e+05,15895,-451.34,-251.23,-3056.6,3081.4,5047.6,280.42,1500,2.3843e+07
2021,10,6,7.3844e+05,15709,-638.03,-186.7,-2271.5,3091.1,4428.7,192.55,1500,2.3563e+07
2021,11,5,7.3847e+05,15676,-671.23,-33.196,-403.88,3082.2,4517.7,196.42,1500,2.3513e+07
2021,12,5,7.385e+05,15788,-559.24,111.99,1362.6,3182.7,4767.3,227.01,1500,2.3681e+07
2022,1,11,7.3853e+05,15607,-739.6,-180.37,-1779.3,3222.4,4800.9,35.562,1500,2.3411e+07
2022,2,16,7.3857e+05,15627,-719.64,19.968,202.45,3192.5,5640.1,56.971,1500,2.3441e+07
2022,3,19,7.386e+05,15764,-582.28,137.36,1617.3,3166.8,6977,118.25,1500,2.3647e+07
2022,4,5,7.3862e+05,15626,-721.1,-138.82,-2980.5,3143.7,6623,94.614,1500,2.3438e+07
2022,5,7,7.3865e+05,15783,-563.53,157.57,1797.2,3289.2,6318.6,74.336,1500,2.3675e+07
2022,6,23,7.387e+05,16336,-10.797,552.73,4292.5,3084.1,6705.8,82.787,1500,2.4504e+07
2022,7,17,7.3872e+05,16036,-311.04,-300.25,-4566.3,2965.4,5568.5,55.685,1500,2.4054e+07
2022,8,10,7.3874e+05,16732,385.24,696.29,10589,2928.9,6000.5,70.594,1500,2.5098e+07
2022,9,12,7.3878e+05,17631,1284.6,899.37,9947.6,2882.4,5706.8,54.873,1500,2.6447e+07
2022,10,13,7.3881e+05,18465,2118.7,834.1,9820.9,3190.8,5589.3,45.075,1500,2.7698e+07
2022,11,19,7.3884e+05,18667,2320.2,201.47,1987.5,3270.9,5450.7,42.919,1500,2.8e+07
2022,12,13,7.3887e+05,18484,2137.1,-183.09,-2784.5,3146,5677.4,35.707,1500,2.7726e+07
2023,1,6,7.3889e+05,18333,1986.2,-150.9,-2294.9,3137.3,5273.7,35.158,1500,2.7499e+07
2023,2,11,7.3893e+05,18310,1963.2,-22.976,-232.95,3175.9,5960.2,60.204,1500,2.7465e+07
2023,3,7,7.3895e+05,18327,1980.4,17.179,261.26,3155.8,5491.4,35.428,1500,2.7491e+07
2023,3,31,7.3898e+05,18184,1837,-143.43,-2181.3,3087.1,6006.5,60.065,1500,2.7276e+07
2023,5,2,7.3901e+05,18649,2301.8,464.85,5302.1,3269.3,6827.3,88.666,1500,2.7973e+07
2023,6,3,7.3904e+05,18591,2243.9,-57.871,-660.09,3201.3,6577.4,74.744,1500,2.7886e+07
2023,7,4,7.3907e+05,17848,1501.7,-742.29,-8739.8,3125.9,5951.1,47.231,1500,2.6773e+07
2023,8,5,7.391e+05,17561,1213.9,-287.8,-3282.7,3121.9,5512.1,43.063,1500,2.6341e+07
2023,9,6,7.3914e+05,17210,863.2,-350.67,-3999.8,3194.5,5417.7,38.153,1500,2.5815e+07
2023,10,1,7.3916e+05,16706,359.1,-504.1,-7359.8,3113.7,5970,53.784,1500,2.5059e+07
2023,11,14,7.392e+05,16544,197.59,-161.51,-1339.8,3123,5304.5,43.126,1500,2.4816e+07
2023,12,8,7.3923e+05,16347,0,-197.59,-3005.1,3082.9,5496,45.049,1500,2.452e+07
