Curvilinear Box Method
Year,Month,Day,Serial Date,Terminus Position on flowline,Terminus position relative to most recent observation (m),Terminus change (m),Rate of Terminus Change (m/yr),Terminus Width (m),Terminus path length (m),Mean distance between nodes (m),Box Width (m),Box Area (m^2)
2015,1,17,7.3598e+05,11535,-64.136,NaN,NaN,5523.9,6430.1,238.15,3000,3.4606e+07
2015,1,29,7.3599e+05,11538,-61.122,3.0139,91.672,5141.9,6721.8,240.06,3000,3.4615e+07
2015,2,10,7.3601e+05,11542,-57.953,3.1691,96.394,5486.7,6411.2,194.28,3000,3.4625e+07
2015,5,29,7.3611e+05,11577,-22.572,35.381,119.57,5128.2,6666.1,180.17,3000,3.4731e+07
2015,6,10,7.3613e+05,11502,-97.356,-74.784,-2274.7,5143.1,8796.1,338.31,3000,3.4506e+07
2015,7,16,7.3616e+05,11489,-110.74,-13.386,-135.72,5338.3,6660.8,175.28,3000,3.4466e+07
2015,8,9,7.3619e+05,11446,-153.66,-42.918,-652.72,5460.1,7582.1,223,3000,3.4337e+07
2015,9,14,7.3622e+05,11404,-195.77,-42.109,-426.94,5615.7,7020.6,189.74,3000,3.4211e+07
2015,10,8,7.3625e+05,11421,-178.27,17.495,266.08,5556.3,6767.7,169.19,3000,3.4264e+07
2015,11,13,7.3628e+05,11511,-88.006,90.269,915.22,5501,6573.9,164.35,3000,3.4534e+07
2015,12,7,7.3631e+05,11470,-129.09,-41.089,-624.89,5620.4,6715.9,156.18,3000,3.4411e+07
2016,1,12,7.3634e+05,11755,155.58,284.68,2886.3,5479.1,7058.6,185.75,3000,3.5265e+07
2016,2,5,7.3637e+05,11699,99.701,-55.884,-849.9,5165.1,8311.1,286.59,3000,3.5098e+07
2016,3,12,7.364e+05,11936,336.49,236.79,2400.7,5221.8,7904,254.97,3000,3.5808e+07
2016,4,5,7.3643e+05,12007,407.79,71.302,1084.4,5111.5,7259.3,207.41,3000,3.6022e+07
2016,5,11,7.3646e+05,12353,753.16,345.37,3501.7,5047.4,10344,413.76,3000,3.7058e+07
2016,8,15,7.3656e+05,11484,-115.65,-868.81,-3303.3,5532,8232.7,257.27,3000,3.4452e+07
2016,9,8,7.3658e+05,11388,-211.4,-95.745,-1456.1,5499.9,7656.4,206.93,3000,3.4164e+07
2016,10,8,7.3661e+05,11523,-76.734,134.66,1638.4,5639.1,7196.6,175.53,3000,3.4568e+07
2016,11,7,7.3664e+05,11495,-104.73,-27.993,-340.59,5743.6,6907.8,157,3000,3.4484e+07
2016,11,13,7.3665e+05,11479,-120.63,-15.907,-967.69,5962.1,8489.1,235.81,3000,3.4437e+07
2016,12,7,7.3667e+05,11510,-89.111,31.524,479.43,5684.8,7526.3,198.06,3000,3.4531e+07
2017,1,6,7.367e+05,11529,-70.217,18.894,229.87,5675.9,6458.3,126.63,3000,3.4588e+07
2017,2,5,7.3673e+05,11643,43.544,113.76,1384.1,5701.2,9275,331.25,3000,3.4929e+07
2017,3,7,7.3676e+05,11680,80.65,37.107,451.47,5537.8,7803,205.34,3000,3.504e+07
2017,4,6,7.3679e+05,11596,-3.6307,-84.281,-1025.4,5462.3,7836.9,206.23,3000,3.4788e+07
2017,5,6,7.3682e+05,11604,4.4651,8.0957,98.498,5431.8,9350.2,311.67,3000,3.4812e+07
2017,6,5,7.3685e+05,11577,-22.491,-26.957,-327.97,5525.4,7683.7,192.09,3000,3.4731e+07
2017,7,5,7.3688e+05,11542,-57.509,-35.018,-426.05,5482.5,8453.3,241.52,3000,3.4626e+07
2017,8,10,7.3692e+05,11414,-185.49,-127.98,-1297.6,5540.9,9570.9,319.03,3000,3.4242e+07
2017,9,9,7.3695e+05,11397,-202.35,-16.856,-205.08,5647.8,7383.6,160.51,3000,3.4191e+07
2017,10,9,7.3698e+05,11409,-190.58,11.765,143.14,5678.5,8203.3,210.34,3000,3.4227e+07
2017,11,8,7.3701e+05,11588,-11.826,178.76,2174.9,5590.4,7523.3,183.49,3000,3.4763e+07
2017,11,14,7.3701e+05,11598,-1.4009,10.425,634.22,5597.3,9068,283.37,3000,3.4794e+07
2017,12,8,7.3704e+05,11596,-3.8604,-2.4595,-37.405,5459.1,7206.1,167.58,3000,3.4787e+07
2018,1,7,7.3707e+05,11703,103.86,107.72,1310.6,5411.6,7129.6,165.8,3000,3.511e+07
2018,2,6,7.371e+05,11660,60.702,-43.158,-525.09,5415,8121.7,208.25,3000,3.4981e+07
2018,3,8,7.3713e+05,11731,131.07,70.364,856.09,5267.2,6965.9,154.8,3000,3.5192e+07
2018,4,7,7.3716e+05,11909,309.67,178.6,2173,5164.5,8059.4,217.82,3000,3.5727e+07
2018,5,7,7.3719e+05,12054,454.32,144.65,1760,5149,9069.7,283.43,3000,3.6161e+07
2018,6,6,7.3722e+05,12367,767.87,313.54,3814.8,4915.3,8547.2,251.39,3000,3.7102e+07
2018,7,6,7.3725e+05,12312,712.2,-55.67,-677.31,4974.4,7053.4,164.03,3000,3.6935e+07
2018,8,5,7.3728e+05,11687,87.76,-624.44,-7597.3,5239.2,7727.8,179.72,3000,3.5062e+07
2018,8,11,7.3728e+05,11694,94.403,6.6426,404.09,5210.5,7717.7,179.48,3000,3.5082e+07
2018,9,10,7.3731e+05,11605,5.0978,-89.305,-1086.5,5382.7,9233.9,271.58,3000,3.4814e+07
2018,10,10,7.3734e+05,11511,-88.574,-93.672,-1139.7,5544.5,7638.1,173.59,3000,3.4533e+07
2018,11,9,7.3737e+05,11597,-2.8836,85.691,1042.6,5409.2,7132,155.04,3000,3.479e+07
2018,11,15,7.3738e+05,11580,-19.959,-17.076,-1038.8,5408,7899.7,192.68,3000,3.4739e+07
2018,12,9,7.374e+05,11640,41.008,60.967,927.21,5396.5,7414.8,172.44,3000,3.4921e+07
2019,1,8,7.3743e+05,11723,123.49,82.479,1003.5,5366.1,7184.2,163.28,3000,3.5169e+07
2019,2,7,7.3746e+05,11786,186.49,63.003,766.54,5457.2,6885,118.71,3000,3.5358e+07
2019,2,19,7.3748e+05,11781,181.06,-5.4303,-165.17,5262,9983.5,383.98,3000,3.5342e+07
2019,3,9,7.3749e+05,11855,255.19,74.128,1503.1,5314.9,8565.9,231.51,3000,3.5564e+07
2019,4,8,7.3752e+05,12051,451.26,196.07,2385.5,5110.6,8036.3,186.89,3000,3.6152e+07
2019,5,8,7.3755e+05,12399,799.29,348.03,4234.4,5011.5,8151.1,194.07,3000,3.7196e+07
2019,6,7,7.3758e+05,11863,263.07,-536.22,-6524,5047.5,10140,327.11,3000,3.5588e+07
2019,7,7,7.3761e+05,11747,147.53,-115.53,-1405.7,5258.2,10007,312.71,3000,3.5241e+07
2019,8,6,7.3764e+05,11578,-21.084,-168.62,-2051.5,5398.9,10198,328.96,3000,3.4735e+07
2019,8,12,7.3765e+05,11664,64.283,85.367,5193.2,5411.1,8205.5,186.49,3000,3.4991e+07
2019,9,5,7.3767e+05,11554,-45.943,-110.23,-1676.4,5419.5,9492.4,271.21,3000,3.4661e+07
2019,10,5,7.377e+05,11551,-48.215,-2.2719,-27.642,5480.9,9688.3,284.95,3000,3.4654e+07
2019,11,10,7.3774e+05,11541,-58.686,-10.471,-106.17,5403.5,7693.9,163.7,3000,3.4622e+07
2019,12,10,7.3777e+05,11576,-23.08,35.606,433.21,5417.2,7713.9,164.13,3000,3.4729e+07
2020,1,9,7.378e+05,11638,38.348,61.428,747.37,5533.6,7987.1,173.63,3000,3.4914e+07
2020,2,8,7.3783e+05,11534,-65.356,-103.7,-1261.7,5508.6,9173.5,247.93,3000,3.4602e+07
2020,3,9,7.3786e+05,11715,115.63,180.98,2201.9,5460.1,8908.4,247.46,3000,3.5145e+07
2020,4,8,7.3789e+05,11901,301.83,186.2,2265.4,5318.9,8314.9,207.87,3000,3.5704e+07
2020,5,8,7.3792e+05,11606,6.8168,-295.01,-3589.3,5260.1,9243,264.09,3000,3.4819e+07
2020,6,7,7.3795e+05,11628,28.891,22.074,268.57,5255.3,9469.7,278.52,3000,3.4885e+07
2020,7,7,7.3798e+05,11566,-33.742,-62.632,-762.03,5332.4,9323.2,251.98,3000,3.4697e+07
2020,8,6,7.3801e+05,11502,-97.55,-63.808,-776.34,5375.3,8402.2,182.66,3000,3.4506e+07
2020,9,5,7.3804e+05,11525,-74.629,22.921,278.87,5484,9551.8,265.33,3000,3.4575e+07
2020,10,5,7.3807e+05,11594,-5.5183,69.111,840.85,5518.1,8572.8,199.37,3000,3.4782e+07
2020,11,10,7.3811e+05,11524,-75.422,-69.904,-708.75,5523.2,7947.6,165.57,3000,3.4572e+07
2020,12,10,7.3814e+05,11508,-91.388,-15.966,-194.26,5520.4,8441.1,191.84,3000,3.4524e+07
2021,1,9,7.3817e+05,11507,-92.526,-1.138,-13.845,5619.2,8844.8,205.69,3000,3.4521e+07
2021,2,8,7.382e+05,11579,-20.002,72.524,882.38,5506.2,6588.7,104.58,3000,3.4738e+07
2021,3,10,7.3823e+05,11653,53.935,73.937,899.57,5403.7,9313.6,238.81,3000,3.496e+07
2021,4,9,7.3826e+05,11843,243.08,189.14,2301.2,5417.1,9551.4,272.9,3000,3.5528e+07
2021,5,9,7.3829e+05,11708,108.22,-134.86,-1640.8,5252.4,9198.8,229.97,3000,3.5123e+07
2021,6,8,7.3832e+05,11686,86.241,-21.98,-267.43,5282.8,9797.4,272.15,3000,3.5057e+07
2021,7,8,7.3835e+05,11625,25.358,-60.883,-740.74,5362,10125,289.29,3000,3.4875e+07
2021,8,7,7.3838e+05,11455,-144.01,-169.37,-2060.6,5602.2,9563.6,245.22,3000,3.4366e+07
2021,9,6,7.3841e+05,11398,-201.58,-57.57,-700.43,5672.2,9118.9,207.25,3000,3.4194e+07
2021,10,6,7.3844e+05,11567,-32.352,169.23,2058.9,5647.7,8861.4,196.92,3000,3.4701e+07
2021,11,5,7.3847e+05,11558,-41.774,-9.4215,-114.63,5521.6,9004.6,204.65,3000,3.4673e+07
2021,12,5,7.385e+05,11512,-87.058,-45.284,-550.95,5626.9,9065,206.02,3000,3.4537e+07
2022,1,11,7.3853e+05,11612,13.009,100.07,987.15,5645,9910.3,33.145,3000,3.4837e+07
2022,2,16,7.3857e+05,11693,94,80.991,821.16,5628.7,10479,36.897,3000,3.508e+07
2022,3,19,7.386e+05,11793,193.32,99.316,1169.4,5355.9,10771,43.083,3000,3.5378e+07
2022,4,5,7.3862e+05,11772,172.01,-21.304,-457.41,5325.3,11256,47.292,3000,3.5315e+07
2022,6,23,7.387e+05,11913,313.12,141.11,651.98,5037.2,12021,54.89,3000,3.5738e+07
2022,7,17,7.3872e+05,11691,91.04,-222.08,-3377.5,5298.7,11280,51.272,3000,3.5072e+07
2022,8,10,7.3874e+05,11725,125.67,34.625,526.59,5377.8,10459,42.689,3000,3.5175e+07
2022,9,12,7.3878e+05,11587,-12.528,-138.19,-1528.5,5689.9,10909,40.256,3000,3.4761e+07
2022,9,30,7.3879e+05,11534,-65.982,-53.454,-1083.9,5745,9986.2,35.793,3000,3.4601e+07
2022,11,19,7.3884e+05,11589,-10.323,55.659,406.31,5501.6,9313.6,34.241,3000,3.4767e+07
2022,12,13,7.3887e+05,11588,-11.941,-1.618,-24.607,5686.1,9075.2,31.732,3000,3.4763e+07
2023,1,6,7.3889e+05,11570,-29.938,-17.997,-273.7,5785.4,10351,36.969,3000,3.4709e+07
2023,2,11,7.3893e+05,11629,29.197,59.135,599.56,5546.9,9914.4,36.72,3000,3.4886e+07
2023,3,8,7.3895e+05,11624,24.753,-4.4437,-64.878,5532.5,10061,36.191,3000,3.4873e+07
2023,3,31,7.3898e+05,11654,54.037,29.284,464.72,5431,11285,45.319,3000,3.4961e+07
2023,5,2,7.3901e+05,11902,302.17,248.13,2830.2,5330.5,11280,47.796,3000,3.5705e+07
2023,6,3,7.3904e+05,11910,310.83,8.6664,98.851,5138.1,10796,41.366,3000,3.5731e+07
2023,7,4,7.3907e+05,11969,369.06,58.225,685.55,5089.7,11453,50.231,3000,3.5906e+07
2023,8,5,7.391e+05,11779,179.78,-189.28,-2158.9,5317.5,10856,43.424,3000,3.5338e+07
2023,9,6,7.3914e+05,11654,54.359,-125.42,-1430.6,5415.9,10402,39.553,3000,3.4962e+07
2023,10,9,7.3917e+05,11567,-32.284,-86.643,-958.32,5523.5,10073,38.446,3000,3.4702e+07
2023,11,14,7.392e+05,11617,17.795,50.078,507.74,5550.8,9776.5,32.807,3000,3.4852e+07
2023,12,8,7.3923e+05,11599,0,-17.795,-270.63,5527.6,9634.3,33.924,3000,3.4798e+07
