Curvilinear Box Method
Year,Month,Day,Serial Date,Terminus Position on flowline,Terminus position relative to most recent observation (m),Terminus change (m),Rate of Terminus Change (m/yr),Terminus Width (m),Terminus path length (m),Mean distance between nodes (m),Box Width (m),Box Area (m^2)
2015,1,17,7.3598e+05,10203,465.44,NaN,NaN,3630,4778.2,265.46,1750,1.7856e+07
2015,1,29,7.3599e+05,10229,491.36,25.915,788.25,3633.9,4944,190.15,1750,1.7901e+07
2015,2,10,7.3601e+05,10177,439.06,-52.301,-1590.8,3764.4,4935.6,176.27,1750,1.781e+07
2015,5,29,7.3611e+05,10228,489.77,50.718,171.41,3618.7,4874.4,135.4,1750,1.7898e+07
2015,6,10,7.3613e+05,10148,410.45,-79.321,-2412.7,3732.2,6928.8,301.25,1750,1.776e+07
2015,7,16,7.3616e+05,10220,482.31,71.861,728.59,3784.8,4882.4,139.5,1750,1.7885e+07
2015,8,9,7.3619e+05,10216,477.79,-4.5181,-68.713,3778.4,6194.1,247.76,1750,1.7878e+07
2015,9,14,7.3622e+05,10196,458.2,-19.59,-198.62,3769.9,5273.1,159.79,1750,1.7843e+07
2015,10,8,7.3625e+05,10231,493.31,35.103,533.86,3843.3,6180.8,220.74,1750,1.7905e+07
2015,11,13,7.3628e+05,10229,491.09,-2.2229,-22.538,3963.2,5402.9,158.91,1750,1.7901e+07
2015,12,7,7.3631e+05,10196,458.44,-32.641,-496.41,3799.5,5756.1,191.87,1750,1.7844e+07
2016,1,12,7.3634e+05,10250,511.76,53.313,540.53,3783.5,5319.7,151.99,1750,1.7937e+07
2016,2,5,7.3637e+05,10256,517.92,6.1601,93.684,3565.3,5703.1,183.97,1750,1.7948e+07
2016,3,12,7.364e+05,10368,629.58,111.66,1132.1,3487.6,5949.5,220.35,1750,1.8143e+07
2016,4,5,7.3643e+05,10384,646.12,16.538,251.52,3450.9,5301.2,176.71,1750,1.8172e+07
2016,5,11,7.3646e+05,10206,467.84,-178.28,-1807.5,3686,6399.2,266.63,1750,1.786e+07
2016,8,15,7.3656e+05,10180,441.84,-25.997,-98.842,3680,7302,347.72,1750,1.7815e+07
2016,9,8,7.3658e+05,10203,465.02,23.175,352.45,3665.9,5910,211.07,1750,1.7855e+07
2016,10,8,7.3661e+05,10143,405.09,-59.932,-729.18,3715.8,5037.4,139.93,1750,1.775e+07
2016,11,7,7.3664e+05,10188,449.91,44.824,545.35,3670.6,5241.3,134.39,1750,1.7829e+07
2016,11,13,7.3665e+05,10139,400.88,-49.033,-2982.8,3832.1,6266.5,208.88,1750,1.7743e+07
2016,12,7,7.3667e+05,10178,439.86,38.983,592.86,3720.2,5790.1,170.3,1750,1.7811e+07
2017,1,6,7.367e+05,10184,446.33,6.4747,78.775,3816.2,5196.7,140.45,1750,1.7822e+07
2017,2,5,7.3673e+05,10213,474.88,28.545,347.29,3704.4,6261.3,208.71,1750,1.7872e+07
2017,3,7,7.3676e+05,10207,469.53,-5.3492,-65.081,3736.5,5530.9,162.67,1750,1.7863e+07
2017,4,6,7.3679e+05,10160,421.83,-47.695,-580.29,3758.4,5467.7,165.69,1750,1.778e+07
2017,5,6,7.3682e+05,10123,385.46,-36.377,-442.59,3731.7,7443,391.73,1750,1.7716e+07
2017,6,5,7.3685e+05,10223,485.17,99.715,1213.2,3734.5,5848.7,194.96,1750,1.789e+07
2017,7,5,7.3688e+05,10229,491.18,6.0062,73.075,3682.4,5837.1,182.41,1750,1.7901e+07
2017,8,10,7.3692e+05,10160,422.37,-68.812,-697.68,3840.7,6024.6,188.27,1750,1.7781e+07
2017,9,9,7.3695e+05,10127,389.04,-33.328,-405.5,3758.2,5431.2,146.79,1750,1.7722e+07
2017,10,9,7.3698e+05,10181,443.54,54.505,663.14,3698.4,5888.7,184.02,1750,1.7818e+07
2017,11,8,7.3701e+05,10172,434.19,-9.356,-113.83,3755.5,5479.8,152.22,1750,1.7801e+07
2017,11,14,7.3701e+05,10173,434.64,0.45696,27.798,3727.8,6351.6,211.72,1750,1.7802e+07
2017,12,8,7.3704e+05,10212,474.4,39.76,604.69,3770.5,5118.1,113.74,1750,1.7872e+07
2018,1,7,7.3707e+05,10262,523.94,49.533,602.65,3671.3,6208.8,182.61,1750,1.7958e+07
2018,2,6,7.371e+05,10176,438.26,-85.68,-1042.4,3592.2,7088.2,244.42,1750,1.7808e+07
2018,3,8,7.3713e+05,10194,455.94,17.682,215.14,3693.4,6112.1,174.63,1750,1.7839e+07
2018,4,7,7.3716e+05,10225,487.16,31.217,379.81,3769.7,6268.5,189.95,1750,1.7894e+07
2018,5,7,7.3719e+05,10177,439.01,-48.145,-585.76,3745.6,6708.9,203.3,1750,1.781e+07
2018,6,6,7.3722e+05,10195,457.32,18.304,222.7,3745.7,5764.7,160.13,1750,1.7842e+07
2018,7,6,7.3725e+05,10229,490.92,33.601,408.81,3805.4,6068.9,183.9,1750,1.79e+07
2018,8,5,7.3728e+05,10171,433.53,-57.386,-698.2,3764.4,6826.9,243.82,1750,1.78e+07
2018,8,11,7.3728e+05,10174,436.48,2.9537,179.68,3720.6,6510.8,210.02,1750,1.7805e+07
2018,9,10,7.3731e+05,10204,465.65,29.166,354.85,3759.2,6631.1,207.22,1750,1.7856e+07
2018,10,10,7.3734e+05,10166,428.02,-37.635,-457.89,3739,6139,180.56,1750,1.779e+07
2018,11,9,7.3737e+05,10150,411.85,-16.164,-196.67,3826.7,5288.3,114.96,1750,1.7762e+07
2018,11,15,7.3738e+05,10161,423.02,11.168,679.39,3771.7,6022.4,154.42,1750,1.7782e+07
2018,12,9,7.374e+05,10141,402.96,-20.057,-305.04,3819.6,6124.2,165.52,1750,1.7747e+07
2019,1,8,7.3743e+05,10126,388.38,-14.584,-177.44,3835.1,5749.9,140.24,1750,1.7721e+07
2019,2,7,7.3746e+05,10155,417.16,28.787,350.25,3753.9,5241.7,119.13,1750,1.7771e+07
2019,2,19,7.3748e+05,10118,379.59,-37.573,-1142.8,3895.6,7446.7,275.8,1750,1.7706e+07
2019,3,9,7.3749e+05,10208,469.84,90.25,1830.1,3744.8,6644,221.47,1750,1.7864e+07
2019,4,8,7.3752e+05,10141,403.57,-66.272,-806.31,3803.5,5694.4,146.01,1750,1.7748e+07
2019,5,8,7.3755e+05,10096,357.76,-45.809,-557.34,3607.2,6349.7,176.38,1750,1.7667e+07
2019,6,7,7.3758e+05,10114,375.86,18.103,220.25,3766.4,6344.3,186.6,1750,1.7699e+07
2019,7,7,7.3761e+05,10106,368.41,-7.4564,-90.719,3712.6,7040.1,234.67,1750,1.7686e+07
2019,8,6,7.3764e+05,10073,335.28,-33.127,-403.04,3699.9,6586,205.81,1750,1.7628e+07
2019,8,12,7.3765e+05,10066,327.88,-7.3985,-450.08,3674.9,6233.9,173.16,1750,1.7615e+07
2019,9,5,7.3767e+05,9974.7,236.78,-91.101,-1385.5,3746.8,5876.4,163.23,1750,1.7456e+07
2019,10,5,7.377e+05,10025,287.14,50.356,612.66,3794.8,7457.1,298.28,1750,1.7544e+07
2019,11,10,7.3774e+05,10002,264.09,-23.043,-233.63,3747.1,6966,240.21,1750,1.7504e+07
2019,12,10,7.3777e+05,10016,277.88,13.788,167.75,3742.5,5553.1,142.39,1750,1.7528e+07
2020,1,9,7.378e+05,9926.7,188.75,-89.136,-1084.5,3796.8,5384.2,131.32,1750,1.7372e+07
2020,2,8,7.3783e+05,9954.6,216.64,27.895,339.38,3779.8,6705.8,209.56,1750,1.742e+07
2020,3,9,7.3786e+05,9976.6,238.67,22.032,268.06,3855.7,6914.5,230.48,1750,1.7459e+07
2020,4,8,7.3789e+05,9949.9,211.96,-26.71,-324.98,3715.5,5175.4,120.36,1750,1.7412e+07
2020,5,8,7.3792e+05,9992.4,254.48,42.521,517.34,3719.9,5999.8,176.46,1750,1.7487e+07
2020,6,7,7.3795e+05,9929.3,191.36,-63.12,-767.97,3696.9,6527.1,225.07,1750,1.7376e+07
2020,7,7,7.3798e+05,9893,155.11,-36.255,-441.1,3704.4,6602.6,227.68,1750,1.7313e+07
2020,8,6,7.3801e+05,9880.6,142.64,-12.47,-151.71,3733.6,6243.8,189.21,1750,1.7291e+07
2020,9,5,7.3804e+05,9861.2,123.28,-19.355,-235.49,3761.8,6760.5,233.12,1750,1.7257e+07
2020,10,5,7.3807e+05,9864,126.13,2.8419,34.576,3774.1,6498.2,209.62,1750,1.7262e+07
2020,11,10,7.3811e+05,9914,176.07,49.945,506.39,3742.5,6484.6,223.61,1750,1.7349e+07
2020,12,10,7.3814e+05,9861,123.09,-52.98,-644.59,3773.2,6520.2,224.83,1750,1.7257e+07
2021,1,9,7.3817e+05,9924.1,186.15,63.055,767.17,3783.1,6044.9,177.79,1750,1.7367e+07
2021,2,8,7.382e+05,9887.4,149.47,-36.681,-446.28,3761.8,5112.9,100.25,1750,1.7303e+07
2021,3,10,7.3823e+05,9863.3,125.34,-24.124,-293.51,3806.6,7372.9,263.32,1750,1.7261e+07
2021,4,9,7.3826e+05,9870.9,133.02,7.6801,93.441,3767.5,6804.4,206.2,1750,1.7274e+07
2021,5,9,7.3829e+05,9867.8,129.92,-3.1052,-37.78,3723.3,6920.2,223.23,1750,1.7269e+07
2021,6,8,7.3832e+05,9849,111.05,-18.867,-229.55,3712.6,6755.6,211.11,1750,1.7236e+07
2021,7,8,7.3835e+05,9845.6,107.72,-3.326,-40.467,3744.5,7260.1,242,1750,1.723e+07
2021,8,7,7.3838e+05,9855.5,117.57,9.8481,119.82,3742.5,7582.6,280.84,1750,1.7247e+07
2021,9,6,7.3841e+05,9784.3,46.386,-71.186,-866.09,3787.4,6982.8,205.38,1750,1.7123e+07
2021,10,6,7.3844e+05,9796.2,58.299,11.913,144.95,3786.9,6838.3,195.38,1750,1.7143e+07
2021,11,5,7.3847e+05,9812.5,74.531,16.232,197.49,3830.3,6576.2,177.73,1750,1.7172e+07
2021,12,5,7.385e+05,9836.8,98.847,24.316,295.84,3839.7,6757.5,182.63,1750,1.7214e+07
2022,1,11,7.3853e+05,9848.3,110.37,11.521,113.66,3930.1,7081.3,41.655,1750,1.7235e+07
2022,2,16,7.3857e+05,9825.9,87.986,-22.383,-226.94,3912.2,7666.4,42.356,1750,1.7195e+07
2022,3,19,7.386e+05,9902,164.04,76.053,895.46,3852.5,7083,45.696,1750,1.7328e+07
2022,4,5,7.3862e+05,9866.5,128.6,-35.439,-760.9,3754.4,7578.1,52.263,1750,1.7266e+07
2022,5,7,7.3865e+05,9912.3,174.43,45.828,522.72,3839.9,6729.3,37.594,1750,1.7347e+07
2022,6,23,7.387e+05,9840.5,102.58,-71.846,-557.95,3877.8,6862.6,39.44,1750,1.7221e+07
2022,7,17,7.3872e+05,9849.6,111.66,9.0758,138.03,3788.9,6604.5,36.09,1750,1.7237e+07
2022,8,10,7.3874e+05,9817.8,79.84,-31.817,-483.89,3872.8,6828.9,38.15,1750,1.7181e+07
2022,9,12,7.3878e+05,9811.1,73.175,-6.6645,-73.713,3899.3,6998.2,39.096,1750,1.7169e+07
2022,10,6,7.388e+05,9862.2,124.3,51.128,777.57,3810.5,6934.3,42.282,1750,1.7259e+07
2022,11,19,7.3884e+05,9794.4,56.435,-67.867,-562.99,4138.1,8944.4,35.353,1750,1.714e+07
2022,12,8,7.3886e+05,9805.8,67.87,11.435,219.66,3950.5,9046.2,38.009,1750,1.716e+07
2023,1,6,7.3889e+05,9746.6,8.7268,-59.143,-744.39,3835.2,8517.6,33.014,1750,1.7057e+07
2023,2,11,7.3893e+05,9773.8,35.864,27.137,275.14,3817.2,7798.1,30.945,1750,1.7104e+07
2023,3,8,7.3895e+05,9867.1,129.17,93.303,1362.2,3726.4,8903.1,45.424,1750,1.7267e+07
2023,3,31,7.3898e+05,9869.8,131.9,2.7281,43.293,3740.7,9414.2,50.076,1750,1.7272e+07
2023,5,2,7.3901e+05,9914.9,176.96,45.068,514.06,3619.2,9790.1,52.353,1750,1.7351e+07
2023,6,3,7.3904e+05,9855.8,117.85,-59.113,-674.26,3783.9,9407,52.849,1750,1.7248e+07
2023,7,4,7.3907e+05,9854.4,116.48,-1.37,-16.13,3707.5,9584,56.376,1750,1.7245e+07
2023,8,5,7.391e+05,9827,89.075,-27.405,-312.59,3796.3,9507.6,53.115,1750,1.7197e+07
2023,9,6,7.3914e+05,9790.8,52.885,-36.19,-412.8,3663.5,8838.4,45.795,1750,1.7134e+07
2023,10,1,7.3916e+05,9827,89.028,36.143,527.69,3731,8668,45.382,1750,1.7197e+07
2023,11,14,7.392e+05,9765.8,27.835,-61.193,-507.63,3667.5,7662,32.329,1750,1.709e+07
2023,12,8,7.3923e+05,9737.9,0,-27.835,-423.32,3652.1,8336.3,35.474,1750,1.7041e+07
